best_val_acc=0.806879
epochs=[1, 2, 3, 4, 5, 6, 7, 8, 9, 10, 11, 12, 13, 14, 15, 16, 17, 18, 19, 20, 21, 22, 23, 24, 25, 26, 27, 28, 29, 30]
train_loss=[6.84913411218344, 6.438519481104223, 6.073923357188467, 5.760858366265165, 5.452344687235821, 5.162573788969539, 4.89062885291992, 4.635397385805637, 4.396209310675624, 4.172253481626391, 3.9623986716037805, 3.7658297072997007, 3.572595826582094, 3.408551369451361, 3.2460833370493485, 3.0935399850277654, 2.950235363028337, 2.815385764780526, 2.682167382672088, 2.5632898384349425, 2.4499275632325737, 2.350200781250419, 2.249993349657922, 2.155474133517365, 2.066201712508193, 1.9817121731395753, 1.9018027121071905, 1.8262531102226618, 1.7546895939903056, 1.6869540135681589]
val_loss=[6.620804462960675, 6.2687133010537615, 5.941814867265386, 5.634650981795024, 5.346178057921678, 5.075742164552562, 4.8221924833709275, 4.584976249941801, 4.363061706292506, 4.1553811820956, 3.9609151940295346, 3.778988126736835, 3.608594068580252, 3.448587852177273, 3.2984009962949563, 3.1573566024537776, 3.024968396526546, 2.90029236766505, 2.78286028191527, 2.672344696520203, 2.5680923880492563, 2.4697399398331665, 2.377031473621129, 2.289134020500995, 2.2062350171864336, 2.1277975296634963, 2.0533389238196462, 1.9830388909546424, 1.9163300657751603, 1.853037079045642]
train_acc=[0.009901082319628919, 0.04617089845569196, 0.11763007395540322, 0.18345410853001992, 0.2456176300739554, 0.29980812578007116, 0.3527039362157933, 0.397356606620592, 0.44490601888936493, 0.4835509770682364, 0.5202399359177362, 0.552392839179598, 0.5819004862055476, 0.6099271623106872, 0.6352992678973939, 0.658864402675062, 0.6791322814403606, 0.6995026173133884, 0.717684096794024, 0.7348316909148488, 0.7496320858404277, 0.7640692237476947, 0.7769136193439019, 0.7891898437063393, 0.8018665822171718, 0.8117304074067174, 0.821091261340139, 0.8304800581211229, 0.8387138838695255, 0.8479070807175724]
val_acc=[0.019775486228951835, 0.07636078840882392, 0.1477613888526302, 0.2130922856024018, 0.26354261845712046, 0.3160161858765174, 0.3609842057172693, 0.40901971022059785, 0.4466779793760606, 0.48009398250881086, 0.5079624069964757, 0.5392246443023104, 0.5661140843231954, 0.5891528521080799, 0.6141495888265239, 0.6330113562198146, 0.6520689205064613, 0.6715833442109386, 0.6872470956794152, 0.7030413784101293, 0.7162250358960971, 0.7303876778488448, 0.7433755384414568, 0.7540791019449158, 0.7632162903015273, 0.7732671974937998, 0.7816211982769873, 0.7901057303224123, 0.7992429186790236, 0.806878997519906]
